Classification report for classifier MLPClassifier(activation='relu', alpha=1e-05, batch_size='auto', beta_1=0.9,
              beta_2=0.999, early_stopping=False, epsilon=1e-08,
              hidden_layer_sizes=(5, 2), learning_rate='constant',
              learning_rate_init=0.001, max_fun=15000, max_iter=200,
              momentum=0.9, n_iter_no_change=10, nesterovs_momentum=True,
              power_t=0.5, random_state=1, shuffle=True, solver='lbfgs',
              tol=0.0001, validation_fraction=0.1, verbose=False,
              warm_start=False):
              precision    recall  f1-score   support

           0       0.08      0.25      0.12         4
           1       0.00      0.00      0.00         2
           2       0.00      0.00      0.00         4
           3       0.00      0.00      0.00         3
           4       0.00      0.00      0.00         2
           5       0.00      0.00      0.00         2
           6       0.00      0.00      0.00         4
           7       0.00      0.00      0.00         3
           8       0.00      0.00      0.00         3
           9       0.33      0.25      0.29         4
          10       0.00      0.00      0.00         3
          11       0.12      0.75      0.21         4
          12       1.00      0.67      0.80         3
          13       0.25      0.25      0.25         4
          14       0.00      0.00      0.00         3
          15       0.40      0.67      0.50         3
          16       0.50      0.33      0.40         3
          17       0.00      0.00      0.00         4
          18       0.00      0.00      0.00         3
          19       0.00      0.00      0.00         2
          20       0.17      0.33      0.22         3
          21       0.00      0.00      0.00         3
          22       0.33      0.33      0.33         3
          23       0.00      0.00      0.00         2
          24       0.00      0.00      0.00         3
          25       0.00      0.00      0.00         3

    accuracy                           0.16        80
   macro avg       0.12      0.15      0.12        80
weighted avg       0.13      0.16      0.13        80


Confusion matrix:
[[1 0 0 0 0 0 0 1 0 0 2 0 0 0 0 0 0 0 0 0 0 0 0 0 0 0]
 [0 0 0 0 0 0 1 0 0 0 0 1 0 0 0 0 0 0 0 0 0 0 0 0 0 0]
 [0 0 0 0 0 0 0 0 0 0 0 4 0 0 0 0 0 0 0 0 0 0 0 0 0 0]
 [0 0 0 0 0 0 0 0 0 0 1 1 0 0 0 1 0 0 0 0 0 0 0 0 0 0]
 [0 0 0 0 0 0 0 0 0 0 0 2 0 0 0 0 0 0 0 0 0 0 0 0 0 0]
 [0 0 0 0 0 0 0 0 0 0 0 1 0 0 0 1 0 0 0 0 0 0 0 0 0 0]
 [2 0 0 0 0 0 0 1 0 0 0 1 0 0 0 0 0 0 0 0 0 0 0 0 0 0]
 [1 0 0 0 0 0 0 0 0 0 0 0 0 2 0 0 0 0 0 0 0 0 0 0 0 0]
 [0 0 0 0 0 0 0 0 0 0 0 3 0 0 0 0 0 0 0 0 0 0 0 0 0 0]
 [0 0 0 0 0 0 0 0 0 1 1 2 0 0 0 0 0 0 0 0 0 0 0 0 0 0]
 [2 0 0 0 0 0 1 0 0 0 0 0 0 0 0 0 0 0 0 0 0 0 0 0 0 0]
 [0 0 0 0 0 0 0 0 0 0 1 3 0 0 0 0 0 0 0 0 0 0 0 0 0 0]
 [0 0 0 0 0 0 0 0 0 0 0 0 2 0 0 1 0 0 0 0 0 0 0 0 0 0]
 [0 0 0 0 0 0 0 2 0 0 0 1 0 1 0 0 0 0 0 0 0 0 0 0 0 0]
 [1 0 0 0 0 0 0 0 0 0 1 0 0 1 0 0 0 0 0 0 0 0 0 0 0 0]
 [1 0 0 0 0 0 0 0 0 0 0 0 0 0 0 2 0 0 0 0 0 0 0 0 0 0]
 [0 0 0 0 0 0 0 0 0 0 0 0 0 0 0 0 1 0 0 0 2 0 0 0 0 0]
 [2 0 0 0 0 0 1 0 0 0 1 0 0 0 0 0 0 0 0 0 0 0 0 0 0 0]
 [0 0 0 0 0 0 0 0 0 0 0 2 0 0 0 0 0 0 0 0 0 0 1 0 0 0]
 [0 0 0 0 0 0 0 0 0 0 0 2 0 0 0 0 0 0 0 0 0 0 0 0 0 0]
 [0 0 0 0 0 0 0 0 0 2 0 0 0 0 0 0 0 0 0 0 1 0 0 0 0 0]
 [0 0 0 0 0 0 0 0 0 0 0 0 0 0 0 0 1 0 0 0 1 0 1 0 0 0]
 [0 0 0 0 0 0 0 0 0 0 0 0 0 0 0 0 0 0 0 0 2 0 1 0 0 0]
 [1 0 0 0 0 0 1 0 0 0 0 0 0 0 0 0 0 0 0 0 0 0 0 0 0 0]
 [1 0 0 0 0 0 1 0 0 0 1 0 0 0 0 0 0 0 0 0 0 0 0 0 0 0]
 [0 0 0 0 0 0 0 1 0 0 0 2 0 0 0 0 0 0 0 0 0 0 0 0 0 0]]
