Classification report for classifier GaussianNB(priors=None, var_smoothing=1e-09):
              precision    recall  f1-score   support

           0       0.54      0.35      0.42        55
           1       0.93      0.76      0.84       125
           2       0.22      0.93      0.35        15
           3       0.20      0.93      0.33        15
           4       0.61      0.28      0.38        50
           5       0.73      0.55      0.62        55
           6       0.16      0.67      0.26        15
           7       0.93      0.93      0.93        15
           8       0.83      0.20      0.32        50
           9       0.76      0.59      0.67       125

    accuracy                           0.57       520
   macro avg       0.59      0.62      0.51       520
weighted avg       0.72      0.57      0.59       520


Confusion matrix:
[[19  3  1 23  6  1  1  0  1  0]
 [ 5 95  1 22  0  1  0  1  0  0]
 [ 0  0 14  0  0  0  0  0  1  0]
 [ 1  0  0 14  0  0  0  0  0  0]
 [ 2  0  4  9 14  1  5  0  0 15]
 [ 0  0  3  1  1 30 13  0  0  7]
 [ 3  1  1  0  0  0 10  0  0  0]
 [ 0  1  0  0  0  0  0 14  0  0]
 [ 1  2 31  1  0  0  4  0 10  1]
 [ 4  0  9  0  2  8 28  0  0 74]]
